0,273
0,270
3,2
3,1
3,3
10,196
10,276
10,226
10,30
10,88
10,69
10,32
10,184
11,23
11,21
11,5
11,2
9,5
8,5
8,11
8,15
8,7
8,4
8,13
8,14
8,2
8,3
51,4
51,3
51,2
51,1
51,0
50,3
50,2
50,1
50,0
49,3
49,2
49,1
49,0
48,3
48,2
48,1
48,0
47,3
47,2
47,1
47,0
46,3
46,2
46,1
46,0
45,4
45,3
45,2
45,1
45,0
44,4
44,3
44,2
44,1
44,0
42,5
42,4
42,3
42,2
42,1
42,0
39,6
39,3
39,1
37,3
37,1
35,3
35,1
33,5
33,3
33,1
28,4
28,3
28,1
25,3
25,1
20,3
20,2
20,1
19,3
19,2
19,1
18,3
18,1
14,3
14,1
13,3
13,1
12,3
12,2
12,1
11,30
11,29
11,28
11,27
11,26
11,25
11,24
11,22
11,20
11,19
11,18
11,17
